[LEFT_CAM_2K]
fx=1397.17
fy=1397.17
cx=1079.48
cy=619.41
k1=-0.173524
k2=0.0271189
p1=0.00216102
p2=-0.000400834

[RIGHT_CAM_2K]
fx=1397.54
fy=1397.54
cx=1048.85
cy=602.141
k1=-0.174239
k2=0.028518
p1=0.00160438
p2=-0.000495771

[LEFT_CAM_FHD]
fx=1397.17
fy=1397.17
cx=935.483
cy=538.41
k1=-0.173524
k2=0.0271189
p1=0.00216102
p2=-0.000400834

[RIGHT_CAM_FHD]
fx=1397.54
fy=1397.54
cx=904.851
cy=521.141
k1=-0.174239
k2=0.028518
p1=0.00160438
p2=-0.000495771

[LEFT_CAM_HD]
fx=698.583
fy=698.583
cx=626.242
cy=357.705
k1=-0.173524
k2=0.0271189
p1=0.00216102
p2=-0.000400834

[RIGHT_CAM_HD]
fx=698.77
fy=698.77
cx=610.925
cy=349.071
k1=-0.174239
k2=0.028518
p1=0.00160438
p2=-0.000495771

[LEFT_CAM_VGA]
fx=349.292
fy=349.292
cx=328.621
cy=186.353
k1=-0.173524
k2=0.0271189
p1=0.00216102
p2=-0.000400834

[RIGHT_CAM_VGA]
fx=349.385
fy=349.385
cx=320.963
cy=182.035
k1=-0.174239
k2=0.028518
p1=0.00160438
p2=-0.000495771

[STEREO]
Baseline=120.005
CV_2K=0.00933477
CV_FHD=0.00933477
CV_HD=0.00933477
CV_VGA=0.00933477
RX_2K=-0.00454495
RX_FHD=-0.00454495
RX_HD=-0.00454495
RX_VGA=-0.00454495
RZ_2K=-0.00173486
RZ_FHD=-0.00173486
RZ_HD=-0.00173486
RZ_VGA=-0.00173486



